version https://git-lfs.github.com/spec/v1
oid sha256:03dc87da7cb1486e543f4b6c9838390fff2a8deba73da8c25332687851adc599
size 336087
