version https://git-lfs.github.com/spec/v1
oid sha256:18cd1337ea1df9b83e69b30288b03d1bfe4e560a56b873d0f09ab8ab2d791df1
size 256363
