version https://git-lfs.github.com/spec/v1
oid sha256:ac9d4220810e5d844bfa05e511e3ccf6756cefe7926bba780db333933d4a5688
size 142973
